294
82
78
330
219
15
419
412
341
28
91
359
200
346
392
427
280
397
168
69
29
386
316
267
47
111
184
21
43
387
166
7
167
271
432
150
129
332
351
368
411
272
181
388
355
279
197
95
49
254
18
389
248
92
428
409
19
108
356
276
101
179
350
224
258
353
383
377
123
336
238
165
72
304
128
61
202
103
312
71
141
12
199
148
48
106
223
376
51
362
110
65
415
414
17
149
264
30
88
42
241
430
220
416
99
5
75
196
423
136
205
345
172
237
80
228
189
207
232
410
170
260
35
138
381
20
46
222
84
16
117
226
243
52
218
203
367
425
171
132
54
133
85
83
417
24
90
94
153
300
334
188
347
369
277
274
305
365
408
251
56
195
163
185
53
299
186
32
39
265
366
363
435
145
160
158
115
337
421
286
378
391
307
113
329
326
143
289
6
275
352
256
109
331
247
385
382
283
97
313
194
214
146
98
211
282
155
229
255
10
324
343
213
296
321
144
105
40
257
301